0.400011 -1.78142e-05 0.730174 3.14157 -0.00033579 3.14146
0.380715 0.271935 0.676234 -2.89502 0.01256 -3.13853
0.380705 0.356619 0.604967 -2.70803 0.0118378 -3.13619
0.380751 0.430575 0.465987 -2.34351 0.00936598 -3.13218
0.380708 0.521372 0.290396 -2.14396 0.00703048 -3.13072
0.38068 0.529531 0.236863 -2.1274 0.00675825 -3.13065
0.380728 -0.202108 0.675467 2.88233 0.0125562 3.13811
0.380718 -0.342023 0.590085 2.60995 0.0111201 3.13488
0.380716 -0.410687 0.491017 2.32707 0.00887189 3.13195
0.380679 -0.410672 0.319966 2.05339 0.0058842 3.13
0.380681 -0.425571 0.222026 1.78804 0.0024311 3.12885
0.510026 -3.79379e-05 0.730181 -3.14153 -0.00011696 3.14133
0.509995 0.268647 0.607966 -2.79186 -0.000403484 3.14129
0.509969 0.4006 0.40297 -2.28545 -0.000293114 3.14116
0.510009 0.435121 0.262426 -1.99034 -4.91561e-05 3.14117
0.510978 -0.177488 0.584868 2.71825 -0.000213383 -3.14155
0.513939 -0.293612 0.52967 2.51962 -0.000365724 -3.14144
0.513954 -0.351466 0.446727 2.34909 -0.000322261 -3.14152
0.513924 -0.381305 0.349126 2.03281 -0.00042594 -3.14122
0.513921 -0.40142 0.241839 1.92358 -0.000335465 -3.1413
