3.23573e-06 0.043518 -5.89025e-05 -1.23169 2.84745e-05 1.86672 8.68257e-05
0.673811 0.229701 -3.2717e-05 -1.16801 -0.210406 1.88288 0.621429
0.823998 0.406653 2.1332e-05 -1.1344 -0.317247 1.90315 0.762966
0.941604 0.692293 -6.27374e-05 -1.11571 -0.488631 1.97248 0.892943
1.02716 1.13339 -1.87553e-05 -0.823768 -0.524232 2.04365 0.99458
1.03365 1.23603 3.65516e-06 -0.768227 -0.517233 2.01982 1.02191
-0.553696 0.126047 -9.7971e-05 -1.29319 0.235604 1.84234 -0.502163
-0.819464 0.399254 -7.83768e-05 -1.19624 0.387674 1.9179 -0.751762
-0.924279 0.63784 -8.01145e-05 -1.14427 0.515881 1.99984 -0.858163
-0.942918 0.881365 -8.53876e-05 -1.25991 0.601408 1.92439 -1.00993
-0.9661 1.13484 -9.881e-05 -1.14267 0.693448 2.05485 -1.0523
-7.72985e-06 0.344871 -8.5148e-05 -0.869147 -3.69114e-05 1.92769 0.000162147
0.548734 0.523016 -5.27305e-05 -0.948156 -0.308351 1.84593 0.490812
0.771198 0.935485 -8.86835e-06 -0.866995 -0.619589 1.94149 0.72494
0.82325 1.25285 -0.000123737 -0.705877 -0.777383 2.05569 0.779757
-0.421692 0.41186 1.1385e-06 -1.17602 0.388914 1.72414 -0.39478
-0.620068 0.621622 -3.12788e-05 -1.03208 0.51473 1.84463 -0.569159
-0.709295 0.797748 -2.78034e-05 -0.985037 0.603334 1.8817 -0.677413
-0.765623 1.01692 -3.30165e-05 -0.925144 0.788849 2.00063 -0.739297
-0.79086 1.23297 -3.94881e-05 -0.824875 0.818231 2.01323 -0.812585
